0.00000000099999999682 0.00000000099999999682 0.00000000099999999682 0.00000000099999999682 0.99999999299999964286 0.00000000099999999682 0.00000000099999999682 0.00000000099999999682 
0.84081015557038585317 0.01329280647665039873 0.00000000099999999939 0.00000000099999999939 0.00000000099999999939 0.00000000099999999939 0.00000000099999999939 0.14589703295296382879 
0.00000000099999999693 0.00000000099999999693 0.00000000099999999693 0.00000000099999999693 0.99999999299999964286 0.00000000099999999693 0.00000000099999999693 0.00000000099999999693 
0.00000000099999999694 0.00000000099999999694 0.00000000099999999694 0.00000000099999999694 0.99999999299999975388 0.00000000099999999694 0.00000000099999999694 0.00000000099999999694 
0.00000000099999999781 0.00000000099999999781 0.00000000099999999781 0.99999999299999975388 0.00000000099999999781 0.00000000099999999781 0.00000000099999999781 0.00000000099999999781 
0.00005971602818944643 0.00000000099999999998 0.00000000099999999998 0.00897215903319601750 0.78042688043415997523 0.12673873959520426391 0.00011242641463777444 0.08369007649461249199 
0.00000000099999999901 0.00000000099999999901 0.00000000099999999901 0.00000000099999999901 0.00000000099999999901 0.99999999300000008695 0.00000000099999999901 0.00000000099999999901 
0.08199708460118344810 0.00000000099999999911 0.00000000099999999911 0.00000000099999999911 0.00000000099999999911 0.73789900959760801324 0.00000000099999999911 0.18010390080120858292 
0.00000000099999999823 0.99999999300000008695 0.00000000099999999823 0.00000000099999999823 0.00000000099999999823 0.00000000099999999823 0.00000000099999999823 0.00000000099999999823 
0.00000000099999999885 0.00000000099999999885 0.00000000099999999885 0.00000000099999999885 0.00000000099999999885 0.99999999299999986491 0.00000000099999999885 0.00000000099999999885 
0.00000000099999999819 0.99999999299999997593 0.00000000099999999819 0.00000000099999999819 0.00000000099999999819 0.00000000099999999819 0.00000000099999999819 0.00000000099999999819 
0.00000000099999999917 0.00000000099999999917 0.00000000099999999917 0.00000000099999999917 0.00000000099999999917 0.99999999300000008695 0.00000000099999999917 0.00000000099999999917 
0.00000000099999999884 0.00000000099999999884 0.00000000099999999884 0.00000000099999999884 0.00000000099999999884 0.99999999299999986491 0.00000000099999999884 0.00000000099999999884 
0.99999186135017881227 0.00000000099999999920 0.00000000099999999920 0.00000000099999999920 0.00000000099999999920 0.00000000099999999920 0.00000000099999999920 0.00000813264982150902 
0.00000000099999999888 0.00000000099999999888 0.00000000099999999888 0.00000000099999999888 0.00000000099999999888 0.99999999299999997593 0.00000000099999999888 0.00000000099999999888 
0.00000000099999999900 0.00000000099999999900 0.00000000099999999900 0.00000000099999999900 0.00000000099999999900 0.00000000099999999900 0.00000000099999999900 0.99999999299999997593 
0.00000000099999999961 0.04285150612307012802 0.05887561256601338971 0.00000000099999999961 0.00000000099999999961 0.33408104198469501522 0.00000000099999999961 0.56419183532622130262 
0.00000000099999999903 0.00000000099999999903 0.00000000099999999903 0.00000000099999999903 0.00000000099999999903 0.00000000099999999903 0.00000000099999999903 0.99999999299999997593 
0.00000000099999999857 0.00000000099999999857 0.99999999299999997593 0.00000000099999999857 0.00000000099999999857 0.00000000099999999857 0.00000000099999999857 0.00000000099999999857 
0.99999999300000008695 0.00000000099999999862 0.00000000099999999862 0.00000000099999999862 0.00000000099999999862 0.00000000099999999862 0.00000000099999999862 0.00000000099999999862 
0.00000000099999999887 0.00000000099999999887 0.00000000099999999887 0.00000000099999999887 0.00000000099999999887 0.00000000099999999887 0.99999999299999986491 0.00000000099999999887 
0.00000000099999999827 0.99999999299999997593 0.00000000099999999827 0.00000000099999999827 0.00000000099999999827 0.00000000099999999827 0.00000000099999999827 0.00000000099999999827 
0.99999999299999997593 0.00000000099999999873 0.00000000099999999873 0.00000000099999999873 0.00000000099999999873 0.00000000099999999873 0.00000000099999999873 0.00000000099999999873 
0.00000000099999999871 0.00000000099999999871 0.00000000099999999871 0.00000000099999999871 0.00000000099999999871 0.00000000099999999871 0.00000000099999999871 0.99999999300000008695 
0.72822535034468305337 0.08037228026712125994 0.00000000099999999926 0.00000000099999999926 0.00000000099999999926 0.00000000099999999926 0.00000000099999999926 0.19140236438819591136 
0.99999999300000008695 0.00000000099999999861 0.00000000099999999861 0.00000000099999999861 0.00000000099999999861 0.00000000099999999861 0.00000000099999999861 0.00000000099999999861 
0.00000000099999999963 0.00000000099999999963 0.77992594058781550270 0.00000000099999999963 0.00000000099999999963 0.18892474760852265292 0.03114930680366176027 0.00000000099999999963 
0.00000000099999999891 0.00000000099999999891 0.00000000099999999891 0.00000000099999999891 0.00000000099999999891 0.00000000099999999891 0.00000000099999999891 0.99999999299999997593 
0.00000000099999999813 0.99999999299999997593 0.00000000099999999813 0.00000000099999999813 0.00000000099999999813 0.00000000099999999813 0.00000000099999999813 0.00000000099999999813 
0.29633867519331635876 0.06119992803431307388 0.12597606115821616268 0.00000000099999999979 0.00000000099999999979 0.00249800882799903860 0.11577475922523323970 0.39821256556092210488 
0.00000000099999999947 0.00000000099999999947 0.00000000099999999947 0.00000000099999999947 0.00000000099999999947 0.16264111408225281896 0.60120302550822557475 0.23615585540952158117 
0.99999999299999997593 0.00000000099999999855 0.00000000099999999855 0.00000000099999999855 0.00000000099999999855 0.00000000099999999855 0.00000000099999999855 0.00000000099999999855 
0.99999999300000008695 0.00000000099999999878 0.00000000099999999878 0.00000000099999999878 0.00000000099999999878 0.00000000099999999878 0.00000000099999999878 0.00000000099999999878 
0.00000000099999999825 0.99999999300000008695 0.00000000099999999825 0.00000000099999999825 0.00000000099999999825 0.00000000099999999825 0.00000000099999999825 0.00000000099999999825 
0.00000000099999999887 0.00000000099999999887 0.00000000099999999887 0.00000000099999999887 0.00000000099999999887 0.00000000099999999887 0.99999999299999986491 0.00000000099999999887 
0.00000000099999999965 0.00000000099999999965 0.51269870580672471938 0.00000000099999999965 0.00000000099999999965 0.00000000099999999965 0.48730128819327533929 0.00000000099999999965 
0.00000000099999999837 0.00000000099999999837 0.99999999299999986491 0.00000000099999999837 0.00000000099999999837 0.00000000099999999837 0.00000000099999999837 0.00000000099999999837 
0.00000000099999999888 0.00000000099999999888 0.00000000099999999888 0.00000000099999999888 0.00000000099999999888 0.99999999299999997593 0.00000000099999999888 0.00000000099999999888 
0.00000000099999999837 0.99999999300000008695 0.00000000099999999837 0.00000000099999999837 0.00000000099999999837 0.00000000099999999837 0.00000000099999999837 0.00000000099999999837 
0.00000000099999999918 0.00000000099999999918 0.00000000099999999918 0.00000000099999999918 0.00000000099999999918 0.99999999300000008695 0.00000000099999999918 0.00000000099999999918 
0.00000000099999999870 0.00000000099999999870 0.00000000099999999870 0.00000000099999999870 0.00000000099999999870 0.00000000099999999870 0.00000000099999999870 0.99999999300000008695 
0.54010058112850412027 0.16761759710574827831 0.00000000099999999943 0.00000000099999999943 0.00000000099999999943 0.00000000099999999943 0.00000000099999999943 0.29228181676574771508 
0.99999999300000008695 0.00000000099999999879 0.00000000099999999879 0.00000000099999999879 0.00000000099999999879 0.00000000099999999879 0.00000000099999999879 0.00000000099999999879 
0.00000000099999999900 0.00000000099999999900 0.00000000099999999900 0.00000000099999999900 0.00000000099999999900 0.99999999300000008695 0.00000000099999999900 0.00000000099999999900 
0.40189328945794844383 0.07148940892693368687 0.00000000099999999936 0.00000000099999999936 0.00000000099999999936 0.00000000099999999936 0.52661166254157043554 0.00000563507354732243 
0.00000000099999999866 0.00000000099999999866 0.00000000099999999866 0.00000000099999999866 0.00000000099999999866 0.00000000099999999866 0.00000000099999999866 0.99999999300000008695 
0.00000000099999999930 0.00000000099999999930 0.99999999299999997593 0.00000000099999999930 0.00000000099999999930 0.00000000099999999930 0.00000000099999999930 0.00000000099999999930 
0.00000000099999999929 0.00000000099999999929 0.00000000099999999929 0.00000000099999999929 0.00000000099999999929 0.99929972994073523740 0.00000000099999999929 0.00070026405926473215 
0.00000000099999999991 0.04958906270833243063 0.27839783216382602005 0.51221232977800268404 0.00000000099999999991 0.00000000099999999991 0.15980077134983902698 0.00000000099999999991 
0.59113289024822979201 0.23209605665344643088 0.00000000099999999943 0.00000000099999999943 0.00000000099999999943 0.00000000099999999943 0.00000000099999999943 0.17677104809832391852 
0.00000000099999999890 0.00000000099999999890 0.00000000099999999890 0.00000000099999999890 0.00000000099999999890 0.72413496935188592651 0.00000000099999999890 0.27586502464811413216 
0.00000000099999999949 0.00000000099999999949 0.39723934393441584501 0.00000000099999999949 0.00000000099999999949 0.00000000099999999949 0.60276065006558410264 0.00000000099999999949 
0.82642930928902635923 0.00000000099999999925 0.00000000099999999925 0.00000000099999999925 0.00000000099999999925 0.00000000099999999925 0.00000000099999999925 0.17357068471097367168 
0.00000000099999999666 0.00000000099999999666 0.00000000099999999666 0.00000000099999999666 0.99999999299999975388 0.00000000099999999666 0.00000000099999999666 0.00000000099999999666 
0.00000000099999999956 0.00000000099999999956 0.99999999300000008695 0.00000000099999999956 0.00000000099999999956 0.00000000099999999956 0.00000000099999999956 0.00000000099999999956 
0.10525787552854919127 0.00000000099999999908 0.00000000099999999908 0.00000000099999999908 0.00000000099999999908 0.00000000099999999908 0.00000000099999999908 0.89474211847145079801 
0.00000000099999999892 0.00000000099999999892 0.00000000099999999892 0.00000000099999999892 0.00000000099999999892 0.21609721810046086943 0.00000000099999999892 0.78390277589953927251 
0.00000000099999999701 0.00000000099999999701 0.00000000099999999701 0.00000000099999999701 0.99999999299999986491 0.00000000099999999701 0.00000000099999999701 0.00000000099999999701 
0.89972403971836911740 0.00000000099999999905 0.00000000099999999905 0.00000000099999999905 0.00000000099999999905 0.00000000099999999905 0.00000000099999999905 0.10027595428163096902 
0.00000000099999999778 0.00000000099999999778 0.00000000099999999778 0.99999999299999986491 0.00000000099999999778 0.00000000099999999778 0.00000000099999999778 0.00000000099999999778 
0.00000000099999999981 0.00000000099999999981 0.72914505910907956299 0.00000000099999999981 0.00000000099999999981 0.16737738338523897030 0.10347755250568138607 0.00000000099999999981 
0.00000000099999999779 0.00000000099999999779 0.00000000099999999779 0.00000000099999999779 0.99999999299999986491 0.00000000099999999779 0.00000000099999999779 0.00000000099999999779 
0.00000000099999999801 0.00000000099999999801 0.99999999299999997593 0.00000000099999999801 0.00000000099999999801 0.00000000099999999801 0.00000000099999999801 0.00000000099999999801 
0.00000000099999999896 0.00000000099999999896 0.99999999299999986491 0.00000000099999999896 0.00000000099999999896 0.00000000099999999896 0.00000000099999999896 0.00000000099999999896 
