0.00000000099999999731 0.00000000099999999731 0.00000000099999999731 0.00000000099999999731 0.00000000099999999731 0.99999999399999994765 0.00000000099999999731 
0.01866469943274411125 0.00000000099999999931 0.00000000099999999931 0.85444992290303611870 0.00000000099999999931 0.00000000099999999931 0.12688537366421981378 
0.00000000099999999741 0.00000000099999999741 0.00000000099999999741 0.00000000099999999741 0.00000000099999999741 0.99999999399999994765 0.00000000099999999741 
0.00000000099999999741 0.00000000099999999741 0.00000000099999999741 0.00000000099999999741 0.00000000099999999741 0.99999999399999983662 0.00000000099999999741 
0.00000000099999999812 0.00000000099999999812 0.00000000099999999812 0.00000000099999999812 0.99999999399999994765 0.00000000099999999812 0.00000000099999999812 
0.00000000099999999998 0.00000000099999999998 0.00000000099999999998 0.00311258301488019596 0.00565018639397544056 0.78233317163129922900 0.20890405595984518072 
0.00000000099999999926 0.00000000099999999926 0.00000000099999999926 0.00000000099999999926 0.00000000099999999926 0.00000000099999999926 0.99999999399999994765 
0.00000000099999999906 0.00000000099999999906 0.00000000099999999906 0.09111934519427833390 0.00000000099999999906 0.00000000099999999906 0.90888064980572169649 
0.99999999399999994765 0.00000000099999999835 0.00000000099999999835 0.00000000099999999835 0.00000000099999999835 0.00000000099999999835 0.00000000099999999835 
0.00000000099999999906 0.00000000099999999906 0.00000000099999999906 0.00000000099999999906 0.00000000099999999906 0.00000000099999999906 0.99999999400000005867 
0.99999999400000005867 0.00000000099999999830 0.00000000099999999830 0.00000000099999999830 0.00000000099999999830 0.00000000099999999830 0.00000000099999999830 
0.00000000099999999937 0.00000000099999999937 0.00000000099999999937 0.07922964923715758445 0.00000000099999999937 0.00000000099999999937 0.92077034576284233491 
0.00000000099999999897 0.00000000099999999897 0.00000000099999999897 0.00000000099999999897 0.00000000099999999897 0.00000000099999999897 0.99999999400000005867 
0.00000000099999999911 0.00000000099999999911 0.00000000099999999911 0.99999999399999994765 0.00000000099999999911 0.00000000099999999911 0.00000000099999999911 
0.00000000099999999895 0.00000000099999999895 0.00000000099999999895 0.00000000099999999895 0.00000000099999999895 0.00000000099999999895 0.99999999399999994765 
0.04069607895855632818 0.00000000099999999909 0.00000000099999999909 0.00000000099999999909 0.00000000099999999909 0.00000000099999999909 0.95930391604144360507 
0.05133190143139544637 0.09471237996919758262 0.00000000099999999965 0.00000000099999999965 0.00000000099999999965 0.00000000099999999965 0.85395571459940700088 
0.00000000099999999931 0.00000000099999999931 0.00000000099999999931 0.00000000099999999931 0.00000000099999999931 0.00000000099999999931 0.99999999400000005867 
0.00000000099999999867 0.00000000099999999867 0.99999999399999983662 0.00000000099999999867 0.00000000099999999867 0.00000000099999999867 0.00000000099999999867 
0.00000000099999999863 0.00000000099999999863 0.00000000099999999863 0.99999999399999994765 0.00000000099999999863 0.00000000099999999863 0.00000000099999999863 
0.04537387703396787014 0.38272093878518692600 0.00000000099999999948 0.08169270760820190880 0.00000000099999999948 0.00000000099999999948 0.49021247357264330358 
0.99999999399999994765 0.00000000099999999837 0.00000000099999999837 0.00000000099999999837 0.00000000099999999837 0.00000000099999999837 0.00000000099999999837 
0.00000000099999999876 0.00000000099999999876 0.00000000099999999876 0.99999999399999994765 0.00000000099999999876 0.00000000099999999876 0.00000000099999999876 
0.00000000099999999910 0.00000000099999999910 0.00000000099999999910 0.00000000099999999910 0.00000000099999999910 0.00000000099999999910 0.99999999399999994765 
0.08931691547166367706 0.00000000099999999922 0.00000000099999999922 0.76149034634837708957 0.00000000099999999922 0.00000000099999999922 0.14919273417995920772 
0.00000000099999999863 0.00000000099999999863 0.00000000099999999863 0.99999999399999983662 0.00000000099999999863 0.00000000099999999863 0.00000000099999999863 
0.00000000099999999933 0.69303291156586266375 0.30696708343413736664 0.00000000099999999933 0.00000000099999999933 0.00000000099999999933 0.00000000099999999933 
0.00000000099999999899 0.00000000099999999899 0.00000000099999999899 0.03256818404254164384 0.00000000099999999899 0.00000000099999999899 0.96743181095745844900 
0.99999999399999994765 0.00000000099999999826 0.00000000099999999826 0.00000000099999999826 0.00000000099999999826 0.00000000099999999826 0.00000000099999999826 
0.06890083981750558251 0.03346555442428402610 0.11540749344409480248 0.33482561992825726760 0.01287316809493231108 0.00000000099999999981 0.43452732329092597086 
0.03452518797144964180 0.28557112455652161609 0.00000000099999999963 0.06963452994424045028 0.00000000099999999963 0.00000000099999999963 0.61026915452778818238 
0.00000000099999999858 0.00000000099999999858 0.00000000099999999858 0.99999999399999983662 0.00000000099999999858 0.00000000099999999858 0.00000000099999999858 
0.00000000099999999879 0.00000000099999999879 0.00000000099999999879 0.99999999399999983662 0.00000000099999999879 0.00000000099999999879 0.00000000099999999879 
0.99999999399999994765 0.00000000099999999833 0.00000000099999999833 0.00000000099999999833 0.00000000099999999833 0.00000000099999999833 0.00000000099999999833 
0.03292851337068641859 0.35625339670790151514 0.00000000099999999954 0.17283537939872606337 0.00000000099999999954 0.00000000099999999954 0.43798270752268614325 
0.00000000099999999924 0.99999999400000016969 0.00000000099999999924 0.00000000099999999924 0.00000000099999999924 0.00000000099999999924 0.00000000099999999924 
0.00000000099999999851 0.00000000099999999851 0.99999999399999994765 0.00000000099999999851 0.00000000099999999851 0.00000000099999999851 0.00000000099999999851 
0.00000000099999999895 0.00000000099999999895 0.00000000099999999895 0.00000000099999999895 0.00000000099999999895 0.00000000099999999895 0.99999999399999994765 
0.99999999399999994765 0.00000000099999999844 0.00000000099999999844 0.00000000099999999844 0.00000000099999999844 0.00000000099999999844 0.00000000099999999844 
0.00000000099999999947 0.00000000099999999947 0.00000000099999999947 0.00000000099999999947 0.00000000099999999947 0.00000000099999999947 0.99999999400000005867 
0.00000000099999999870 0.00000000099999999870 0.00000000099999999870 0.00000000099999999870 0.00000000099999999870 0.00000000099999999870 0.99999999400000005867 
0.17543094126709768421 0.00000000099999999941 0.00000000099999999941 0.55943649267699324668 0.00000000099999999941 0.00000000099999999941 0.26513256205590923775 
0.00000000099999999877 0.00000000099999999877 0.00000000099999999877 0.99999999399999983662 0.00000000099999999877 0.00000000099999999877 0.00000000099999999877 
0.00000000099999999919 0.00000000099999999919 0.00000000099999999919 0.00000000099999999919 0.00000000099999999919 0.00000000099999999919 0.99999999399999994765 
0.11882016351691593314 0.14407153485936791126 0.00000000099999999957 0.44671037992524825766 0.00000000099999999957 0.00000000099999999957 0.29039791869846809380 
0.00000000099999999885 0.00000000099999999885 0.00000000099999999885 0.00000000099999999885 0.00000000099999999885 0.00000000099999999885 0.99999999400000005867 
0.00000000099999999925 0.42920574281891682444 0.57079425218108326145 0.00000000099999999925 0.00000000099999999925 0.00000000099999999925 0.00000000099999999925 
0.00000000099999999946 0.00000000099999999946 0.00000000099999999946 0.04515671633001654139 0.00000000099999999946 0.00000000099999999946 0.95484327866998341960 
0.06794973791293566767 0.00212555381360994165 0.30140342289498617268 0.03351748589715324023 0.54264227433919731691 0.00000000099999999992 0.05236152414211771994 
0.23737011483967029868 0.00000000099999999945 0.00000000099999999945 0.63146737725424639809 0.00000000099999999945 0.00000000099999999945 0.13116250390608324983 
0.00000000099999999884 0.00000000099999999884 0.00000000099999999884 0.00000000099999999884 0.00000000099999999884 0.00000000099999999884 0.99999999400000005867 
0.00000000099999999929 0.99999999400000016969 0.00000000099999999929 0.00000000099999999929 0.00000000099999999929 0.00000000099999999929 0.00000000099999999929 
0.00000000099999999920 0.00000000099999999920 0.00000000099999999920 0.85541601064177086311 0.00000000099999999920 0.00000000099999999920 0.14458398435822925054 
0.00000000099999999718 0.00000000099999999718 0.00000000099999999718 0.00000000099999999718 0.00000000099999999718 0.99999999399999983662 0.00000000099999999718 
0.00000000099999999963 0.00000000099999999963 0.99999999399999994765 0.00000000099999999963 0.00000000099999999963 0.00000000099999999963 0.00000000099999999963 
0.00000000099999999913 0.00000000099999999913 0.00000000099999999913 0.17265466001792278972 0.00000000099999999913 0.00000000099999999913 0.82734533498207729618 
0.00000000099999999892 0.00000000099999999892 0.00000000099999999892 0.00000000099999999892 0.00000000099999999892 0.00000000099999999892 0.99999999400000005867 
0.00000000099999999747 0.00000000099999999747 0.00000000099999999747 0.00000000099999999747 0.00000000099999999747 0.99999999399999983662 0.00000000099999999747 
0.00000000099999999899 0.00000000099999999899 0.00000000099999999899 0.99999999399999983662 0.00000000099999999899 0.00000000099999999899 0.00000000099999999899 
0.00000000099999999809 0.00000000099999999809 0.00000000099999999809 0.00000000099999999809 0.99999999399999983662 0.00000000099999999809 0.00000000099999999809 
0.00000000099999999940 0.77318357716768515431 0.22681641783231504261 0.00000000099999999940 0.00000000099999999940 0.00000000099999999940 0.00000000099999999940 
0.00000000099999999814 0.00000000099999999814 0.00000000099999999814 0.00000000099999999814 0.00000000099999999814 0.99999999399999994765 0.00000000099999999814 
0.00000000099999999819 0.00000000099999999819 0.99999999399999983662 0.00000000099999999819 0.00000000099999999819 0.00000000099999999819 0.00000000099999999819 
0.00000000099999999898 0.00000000099999999898 0.99999999399999983662 0.00000000099999999898 0.00000000099999999898 0.00000000099999999898 0.00000000099999999898 
