0.00000000099999999856 0.00000000099999999856 0.99999999699999997382 0.00000000099999999856 
0.00000000099999999956 0.23979960833088526106 0.00000000099999999956 0.76020038966911462897 
0.00000000099999999861 0.00000000099999999861 0.99999999699999986280 0.00000000099999999861 
0.00000000099999999860 0.00000000099999999860 0.99999999699999986280 0.00000000099999999860 
0.07450313922342345629 0.17105417779471418505 0.47198830400937663576 0.28245437897248570902 
0.00000000100000000000 0.21598421013553567582 0.78401578532642268726 0.00000000353804165515 
0.00000000099999999948 0.99999999699999997382 0.00000000099999999948 0.00000000099999999948 
0.00000000099999999942 0.96184833722714979665 0.00000000099999999942 0.03815166077285028767 
0.00000000099999999937 0.00000000099999999937 0.00000000099999999937 0.99999999700000008485 
0.00000000099999999941 0.99999999699999997382 0.00000000099999999941 0.00000000099999999941 
0.00000000099999999926 0.00000000099999999926 0.00000000099999999926 0.99999999699999997382 
0.00000000099999999957 0.99999999700000008485 0.00000000099999999957 0.00000000099999999957 
0.00000000099999999937 0.99999999700000008485 0.00000000099999999937 0.00000000099999999937 
0.00000000099999999953 0.26939895221169157802 0.00000000099999999953 0.73060104578830842303 
0.00000000099999999934 0.99999999699999997382 0.00000000099999999934 0.00000000099999999934 
0.00000000099999999943 0.95096949929953544789 0.00000000099999999943 0.04903049870046470582 
0.06640981003096957380 0.88658684005429677644 0.00000000099999999978 0.04700334891473379600 
0.00000000099999999956 0.99999999699999997382 0.00000000099999999956 0.00000000099999999956 
0.99999999699999997382 0.00000000099999999929 0.00000000099999999929 0.00000000099999999929 
0.00000000099999999936 0.00000000099999999936 0.00000000099999999936 0.99999999700000008485 
0.20047465326922281337 0.63015164917875465811 0.00000000099999999974 0.16937369655202244578 
0.00000000099999999934 0.00000000099999999934 0.00000000099999999934 0.99999999700000008485 
0.00000000099999999931 0.00000000099999999931 0.00000000099999999931 0.99999999700000008485 
0.00000000099999999942 0.99999999699999997382 0.00000000099999999942 0.00000000099999999942 
0.00000000099999999947 0.25793042386380660158 0.00000000099999999947 0.74206957413619323294 
0.00000000099999999936 0.00000000099999999936 0.00000000099999999936 0.99999999700000008485 
0.80941408267033054802 0.19058591532966936977 0.00000000099999999972 0.00000000099999999972 
0.00000000099999999936 0.99999999700000008485 0.00000000099999999936 0.00000000099999999936 
0.00000000099999999928 0.00000000099999999928 0.00000000099999999928 0.99999999700000008485 
0.14254793271178206604 0.49808240209951826216 0.00000000099999999983 0.35936966418869964457 
0.13278507437139222547 0.73636755822835864294 0.00000000099999999985 0.13084736640024913212 
0.00000000099999999935 0.00000000099999999935 0.00000000099999999935 0.99999999700000008485 
0.00000000099999999937 0.00000000099999999937 0.00000000099999999937 0.99999999700000008485 
0.00000000099999999923 0.00000000099999999923 0.00000000099999999923 0.99999999699999997382 
0.16603236930927528503 0.60987526142671322216 0.00000000099999999983 0.22409236826401152110 
0.69211122995970264515 0.27434417729386145757 0.00000000099999999990 0.03354459174643583536 
0.99999999700000008485 0.00000000099999999925 0.00000000099999999925 0.00000000099999999925 
0.00000000099999999935 0.99999999700000008485 0.00000000099999999935 0.00000000099999999935 
0.00000000099999999931 0.00000000099999999931 0.00000000099999999931 0.99999999699999997382 
0.00000000099999999962 0.99999999699999997382 0.00000000099999999962 0.00000000099999999962 
0.00000000099999999922 0.99999999700000008485 0.00000000099999999922 0.00000000099999999922 
0.00000000099999999958 0.32803458987869110741 0.00000000099999999958 0.67196540812130878262 
0.00000000099999999942 0.10584389206941674511 0.00000000099999999942 0.89415610593058325595 
0.00000000099999999949 0.99999999700000008485 0.00000000099999999949 0.00000000099999999949 
0.06816854311078492101 0.41512071559056024084 0.00000000099999999975 0.51671074029865482480 
0.00000000099999999929 0.99999999699999997382 0.00000000099999999929 0.00000000099999999929 
0.99999999699999997382 0.00000000099999999956 0.00000000099999999956 0.00000000099999999956 
0.00000000099999999960 0.97873638802123685831 0.00000000099999999960 0.02126360997876304559 
0.35730962879516009467 0.14857081303881364276 0.25773595771740065441 0.23638360044862560816 
0.00000000099999999959 0.19586071957720219139 0.00000000099999999959 0.80413927842279786518 
0.00000000099999999927 0.99999999699999997382 0.00000000099999999927 0.00000000099999999927 
0.56969474518409723984 0.34302628321179645665 0.00000000099999999982 0.08727897060410635954 
0.00000000099999999955 0.31537298309525924056 0.00000000099999999955 0.68462701490474076049 
0.00000000099999999851 0.00000000099999999851 0.99999999699999986280 0.00000000099999999851 
0.99999999700000008485 0.00000000099999999976 0.00000000099999999976 0.00000000099999999976 
0.00000000099999999946 0.90419879878431208553 0.00000000099999999946 0.09580119921568784613 
0.00000000099999999932 0.99999999700000008485 0.00000000099999999932 0.00000000099999999932 
0.00000000099999999863 0.00000000099999999863 0.99999999699999986280 0.00000000099999999863 
0.00000000099999999944 0.26952122485777618710 0.00000000099999999944 0.73047877314222375844 
0.07051100454578972110 0.16909776867330186811 0.48086497344481071714 0.27952625333609759650 
0.77564085494475165650 0.22435914305524842782 0.00000000099999999981 0.00000000099999999981 
0.00000000099999999891 0.00000000099999999891 0.99999999699999997382 0.00000000099999999891 
0.99999999699999997382 0.00000000099999999911 0.00000000099999999911 0.00000000099999999911 
0.99999999700000008485 0.00000000099999999945 0.00000000099999999945 0.00000000099999999945 
