0.00000000099999999807 0.00000000099999999807 0.00000000099999999807 0.00000000099999999807 0.99999999599999989108 
0.02282410125884051094 0.12509601478530957275 0.85207988195584993818 0.00000000099999999952 0.00000000099999999952 
0.00000000099999999814 0.00000000099999999814 0.00000000099999999814 0.00000000099999999814 0.99999999600000000211 
0.00000000099999999812 0.00000000099999999812 0.00000000099999999812 0.00000000099999999812 0.99999999599999989108 
0.07115215030953740694 0.13996591822860260379 0.23576007203251761468 0.08213824688607887503 0.47098361254326348568 
0.00000000099999999999 0.20773240123790154277 0.00838192257991851597 0.00000000099999999999 0.78388567418217991456 
0.00000000099999999945 0.99999999600000011313 0.00000000099999999945 0.00000000099999999945 0.00000000099999999945 
0.00000000099999999937 0.91021421719378903248 0.08978577980621110788 0.00000000099999999937 0.00000000099999999937 
0.99999999600000000211 0.00000000099999999890 0.00000000099999999890 0.00000000099999999890 0.00000000099999999890 
0.00000000099999999935 0.99999999600000000211 0.00000000099999999935 0.00000000099999999935 0.00000000099999999935 
0.99999999600000000211 0.00000000099999999887 0.00000000099999999887 0.00000000099999999887 0.00000000099999999887 
0.00000000099999999952 0.92004690328029570257 0.07995309371970427126 0.00000000099999999952 0.00000000099999999952 
0.00000000099999999929 0.99999999600000011313 0.00000000099999999929 0.00000000099999999929 0.00000000099999999929 
0.00000000099999999939 0.00000000099999999939 0.99999999599999989108 0.00000000099999999939 0.00000000099999999939 
0.00000000099999999926 0.99999999600000011313 0.00000000099999999926 0.00000000099999999926 0.00000000099999999926 
0.04085514079662481979 0.95914485620337519567 0.00000000099999999941 0.00000000099999999941 0.00000000099999999941 
0.05421065087932770005 0.88359073954532818540 0.00000000099999999973 0.06219860757534401846 0.00000000099999999973 
0.00000000099999999951 0.99999999600000000211 0.00000000099999999951 0.00000000099999999951 0.00000000099999999951 
0.00000000099999999912 0.00000000099999999912 0.00000000099999999912 0.99999999599999989108 0.00000000099999999912 
0.00000000099999999910 0.00000000099999999910 0.99999999599999989108 0.00000000099999999910 0.00000000099999999910 
0.07469751517429046306 0.60654920077877227946 0.11992672352828652460 0.19882655951865060850 0.00000000099999999974 
0.99999999600000000211 0.00000000099999999891 0.00000000099999999891 0.00000000099999999891 0.00000000099999999891 
0.00000000099999999918 0.00000000099999999918 0.99999999599999989108 0.00000000099999999918 0.00000000099999999918 
0.00000000099999999942 0.99999999600000011313 0.00000000099999999942 0.00000000099999999942 0.00000000099999999942 
0.08705860211685066685 0.14529937845580914724 0.76764201742734028411 0.00000000099999999947 0.00000000099999999947 
0.00000000099999999909 0.00000000099999999909 0.99999999599999989108 0.00000000099999999909 0.00000000099999999909 
0.00000000239674577058 0.19011797055757859165 0.00000000099999999972 0.80988202504567574636 0.00000000099999999972 
0.00000000099999999933 0.96007397335018640483 0.03992602364981360369 0.00000000099999999933 0.00000000099999999933 
0.99999999599999989108 0.00000000099999999884 0.00000000099999999884 0.00000000099999999884 0.00000000099999999884 
0.06761375728433932641 0.44404097663986763500 0.34031630055608835805 0.14802896451970473657 0.00000000099999999982 
0.05909321008107101814 0.72444484555635757506 0.08522568079559861287 0.13123626256697287773 0.00000000099999999985 
0.00000000099999999906 0.00000000099999999906 0.99999999600000000211 0.00000000099999999906 0.00000000099999999906 
0.00000000099999999921 0.00000000099999999921 0.99999999600000000211 0.00000000099999999921 0.00000000099999999921 
0.99999999599999989108 0.00000000099999999890 0.00000000099999999890 0.00000000099999999890 0.00000000099999999890 
0.06790176174970836975 0.57411339657987270346 0.19097445659755427072 0.16701038407286458720 0.00000000099999999983 
0.00027534419893664977 0.27237995658338370886 0.03222553617578654411 0.69511916204189305724 0.00000000099999999990 
0.00000000099999999905 0.00000000099999999905 0.00000000099999999905 0.99999999599999989108 0.00000000099999999905 
0.00000000099999999926 0.99999999600000000211 0.00000000099999999926 0.00000000099999999926 0.00000000099999999926 
0.99999999600000000211 0.00000000099999999897 0.00000000099999999897 0.00000000099999999897 0.00000000099999999897 
0.00000000099999999959 0.99999999600000000211 0.00000000099999999959 0.00000000099999999959 0.00000000099999999959 
0.00000000099999999912 0.99999999600000011313 0.00000000099999999912 0.00000000099999999912 0.00000000099999999912 
0.17312073283937418067 0.26317110790681602639 0.56370815725380984951 0.00000000099999999958 0.00000000099999999958 
0.00000000099999999919 0.00000000099999999919 0.99999999599999989108 0.00000000099999999919 0.00000000099999999919 
0.00000000099999999943 0.99999999600000000211 0.00000000099999999943 0.00000000099999999943 0.00000000099999999943 
0.12181883039521856915 0.35205316397183133992 0.45781537377533620958 0.06831263085761389575 0.00000000099999999974 
0.00000000099999999923 0.99999999600000011313 0.00000000099999999923 0.00000000099999999923 0.00000000099999999923 
0.00000000099999999950 0.00000000099999999950 0.00000000099999999950 0.99999999600000000211 0.00000000099999999950 
0.00000000099999999959 0.95281988580937893030 0.04718011119062105740 0.00000000099999999959 0.00000000099999999959 
0.10288209570976875051 0.14435452998731690410 0.13735054834037069282 0.35729282844382492801 0.25811999751871878006 
0.23675645093274533259 0.13040383134926059050 0.63283971571799413347 0.00000000099999999960 0.00000000099999999960 
0.00000000099999999917 0.99999999600000000211 0.00000000099999999917 0.00000000099999999917 0.00000000099999999917 
0.03923717378298395564 0.34382091157917027413 0.04800453679719398487 0.56893737684065182059 0.00000000099999999982 
0.00000000099999999945 0.14203210994238679721 0.85796788705761317662 0.00000000099999999945 0.00000000099999999945 
0.00000000099999999800 0.00000000099999999800 0.00000000099999999800 0.00000000099999999800 0.99999999599999989108 
0.00000000099999999971 0.00000000099999999971 0.00000000099999999971 0.99999999599999989108 0.00000000099999999971 
0.00000000099999999941 0.82310264476027583669 0.17689735223972419265 0.00000000099999999941 0.00000000099999999941 
0.00000000099999999927 0.99999999600000000211 0.00000000099999999927 0.00000000099999999927 0.00000000099999999927 
0.00000000099999999816 0.00000000099999999816 0.00000000099999999816 0.00000000099999999816 0.99999999599999989108 
0.00000000099999999932 0.00000000099999999932 0.99999999600000000211 0.00000000099999999932 0.00000000099999999932 
0.07215223634562098476 0.13905086581613809726 0.23089107966315861042 0.07804001315865824462 0.47986580501642406293 
0.00000000099999999980 0.22442596659047808760 0.00000000099999999980 0.77557403040952188622 0.00000000099999999980 
0.00000000099999999854 0.00000000099999999854 0.00000000099999999854 0.00000000099999999854 0.99999999599999989108 
0.00000000099999999886 0.00000000099999999886 0.00000000099999999886 0.99999999600000000211 0.00000000099999999886 
0.00000000099999999936 0.00000000099999999936 0.00000000099999999936 0.99999999599999989108 0.00000000099999999936 
