0.00000000099999999778 0.00000000099999999778 0.00000000099999999778 0.99999999499999980834 0.00000000099999999778 0.00000000099999999778 
0.12551700491748185584 0.85354293823031790467 0.00000000099999999939 0.00000000099999999939 0.02094005385220033474 0.00000000099999999939 
0.00000000099999999786 0.00000000099999999786 0.00000000099999999786 0.99999999499999980834 0.00000000099999999786 0.00000000099999999786 
0.00000000099999999787 0.00000000099999999787 0.00000000099999999787 0.99999999499999980834 0.00000000099999999787 0.00000000099999999787 
0.00000000099999999843 0.00000000099999999843 0.99999999499999980834 0.00000000099999999843 0.00000000099999999843 0.00000000099999999843 
0.21047594171303296573 0.00253284321177480202 0.00409072026316341722 0.78290049281202878095 0.00000000099999999998 0.00000000099999999998 
0.99999999500000003039 0.00000000099999999930 0.00000000099999999930 0.00000000099999999930 0.00000000099999999930 0.00000000099999999930 
0.91006414465352225562 0.08993585134647774648 0.00000000099999999918 0.00000000099999999918 0.00000000099999999918 0.00000000099999999918 
0.00000000099999999858 0.00000000099999999858 0.00000000099999999858 0.00000000099999999858 0.99999999499999991937 0.00000000099999999858 
0.99999999500000003039 0.00000000099999999916 0.00000000099999999916 0.00000000099999999916 0.00000000099999999916 0.00000000099999999916 
0.00000000099999999855 0.00000000099999999855 0.00000000099999999855 0.00000000099999999855 0.99999999499999991937 0.00000000099999999855 
0.92020678778213049753 0.07979320821786950457 0.00000000099999999941 0.00000000099999999941 0.00000000099999999941 0.00000000099999999941 
0.99999999500000014141 0.00000000099999999905 0.00000000099999999905 0.00000000099999999905 0.00000000099999999905 0.00000000099999999905 
0.00000000099999999921 0.99999999500000003039 0.00000000099999999921 0.00000000099999999921 0.00000000099999999921 0.00000000099999999921 
0.99999999500000014141 0.00000000099999999905 0.00000000099999999905 0.00000000099999999905 0.00000000099999999905 0.00000000099999999905 
0.95885606903714859506 0.00000000099999999922 0.00000000099999999922 0.00000000099999999922 0.04114392696285156664 0.00000000099999999922 
0.88321599994203769945 0.00000000099999999967 0.00000000099999999967 0.00000000099999999967 0.05421548469111446555 0.06256851236684783657 
0.99999999500000003039 0.00000000099999999934 0.00000000099999999934 0.00000000099999999934 0.00000000099999999934 0.00000000099999999934 
0.00000000099999999887 0.00000000099999999887 0.00000000099999999887 0.00000000099999999887 0.00000000099999999887 0.99999999500000003039 
0.00000000099999999882 0.99999999499999991937 0.00000000099999999882 0.00000000099999999882 0.00000000099999999882 0.00000000099999999882 
0.60828675166143753028 0.11869413205425968783 0.00000000099999999970 0.00000000099999999970 0.07640230946023603142 0.19661680482406687642 
0.00000000099999999860 0.00000000099999999860 0.00000000099999999860 0.00000000099999999860 0.99999999499999980834 0.00000000099999999860 
0.00000000099999999894 0.99999999499999991937 0.00000000099999999894 0.00000000099999999894 0.00000000099999999894 0.00000000099999999894 
0.99999999500000003039 0.00000000099999999922 0.00000000099999999922 0.00000000099999999922 0.00000000099999999922 0.00000000099999999922 
0.14791030445892230927 0.76229246604236955420 0.00000000099999999933 0.00000000099999999933 0.08979722649870824913 0.00000000099999999933 
0.00000000099999999883 0.99999999499999991937 0.00000000099999999883 0.00000000099999999883 0.00000000099999999883 0.00000000099999999883 
0.19212443868569017980 0.00000000099999999965 0.00000000099999999965 0.00000000099999999965 0.00000000099999999965 0.80787555731430982231 
0.95892587737010703819 0.04107411862989310963 0.00000000099999999913 0.00000000099999999913 0.00000000099999999913 0.00000000099999999913 
0.00000000099999999851 0.00000000099999999851 0.00000000099999999851 0.00000000099999999851 0.99999999499999991937 0.00000000099999999851 
0.44448700385330353058 0.33286760609910470698 0.01274725539288370721 0.00000000099999999981 0.07002395824118048950 0.13987417541352767381 
0.71353614091546169185 0.07915739401619575899 0.03878112555828836655 0.00000000099999999980 0.05863442134529861516 0.10989091716475576921 
0.00000000099999999878 0.99999999499999991937 0.00000000099999999878 0.00000000099999999878 0.00000000099999999878 0.00000000099999999878 
0.00000000099999999897 0.99999999499999991937 0.00000000099999999897 0.00000000099999999897 0.00000000099999999897 0.00000000099999999897 
0.00000000099999999858 0.00000000099999999858 0.00000000099999999858 0.00000000099999999858 0.99999999499999980834 0.00000000099999999858 
0.57046980748137543493 0.18099341521268971777 0.03045920194210834792 0.00000000099999999979 0.06972243151375666359 0.14835514285006981550 
0.26449860976008698898 0.01014925397537826124 0.07533442705834124398 0.00000000099999999987 0.00160284402155657746 0.64841486418463700758 
0.00000000099999999879 0.00000000099999999879 0.00000000099999999879 0.00000000099999999879 0.00000000099999999879 0.99999999499999991937 
0.99999999500000003039 0.00000000099999999904 0.00000000099999999904 0.00000000099999999904 0.00000000099999999904 0.00000000099999999904 
0.00000000099999999867 0.00000000099999999867 0.00000000099999999867 0.00000000099999999867 0.99999999499999980834 0.00000000099999999867 
0.99999999500000014141 0.00000000099999999946 0.00000000099999999946 0.00000000099999999946 0.00000000099999999946 0.00000000099999999946 
0.99999999500000003039 0.00000000099999999886 0.00000000099999999886 0.00000000099999999886 0.00000000099999999886 0.00000000099999999886 
0.26450979153664305743 0.55971777277328160771 0.00000000099999999947 0.00000000099999999947 0.17577243269007533644 0.00000000099999999947 
0.00000000099999999896 0.99999999499999991937 0.00000000099999999896 0.00000000099999999896 0.00000000099999999896 0.00000000099999999896 
0.99999999500000014141 0.00000000099999999926 0.00000000099999999926 0.00000000099999999926 0.00000000099999999926 0.00000000099999999926 
0.35325901974827583762 0.45431013453924368184 0.00000000099999999968 0.00000000099999999968 0.12425269705469477177 0.06817814665778580696 
0.99999999500000014141 0.00000000099999999901 0.00000000099999999901 0.00000000099999999901 0.00000000099999999901 0.00000000099999999901 
0.00000000099999999933 0.00000000099999999933 0.00000000099999999933 0.00000000099999999933 0.00000000099999999933 0.99999999500000003039 
0.95258657748195096904 0.04741341851804901919 0.00000000099999999949 0.00000000099999999949 0.00000000099999999949 0.00000000099999999949 
0.05245487895917337606 0.03205688399590786442 0.52909057403270653985 0.00000000099999999993 0.06799276651044434960 0.31840489550176775957 
0.13212235231509514288 0.62967965012751281328 0.00000000099999999949 0.00000000099999999949 0.23819799455739215643 0.00000000099999999949 
0.99999999499999991937 0.00000000099999999896 0.00000000099999999896 0.00000000099999999896 0.00000000099999999896 0.00000000099999999896 
0.34454886935721534824 0.04469278892562389416 0.00000000099999999982 0.00000000099999999982 0.04507654564516850454 0.56568179407199226105 
0.14242586962501549430 0.85757412637498453556 0.00000000099999999930 0.00000000099999999930 0.00000000099999999930 0.00000000099999999930 
0.00000000099999999767 0.00000000099999999767 0.00000000099999999767 0.99999999499999980834 0.00000000099999999767 0.00000000099999999767 
0.00000000099999999962 0.00000000099999999962 0.00000000099999999962 0.00000000099999999962 0.00000000099999999962 0.99999999499999991937 
0.82463289771061543121 0.17536709828938457090 0.00000000099999999925 0.00000000099999999925 0.00000000099999999925 0.00000000099999999925 
0.99999999500000003039 0.00000000099999999906 0.00000000099999999906 0.00000000099999999906 0.00000000099999999906 0.00000000099999999906 
0.00000000099999999792 0.00000000099999999792 0.00000000099999999792 0.99999999499999980834 0.00000000099999999792 0.00000000099999999792 
0.00000000099999999912 0.99999999500000014141 0.00000000099999999912 0.00000000099999999912 0.00000000099999999912 0.00000000099999999912 
0.00000000099999999841 0.00000000099999999841 0.99999999499999991937 0.00000000099999999841 0.00000000099999999841 0.00000000099999999841 
0.22769804263569554115 0.00000000099999999981 0.00000000099999999981 0.00000000099999999981 0.00000000099999999981 0.77230195336430451647 
0.00000000099999999847 0.00000000099999999847 0.00000000099999999847 0.99999999499999991937 0.00000000099999999847 0.00000000099999999847 
0.00000000099999999855 0.00000000099999999855 0.00000000099999999855 0.00000000099999999855 0.00000000099999999855 0.99999999499999991937 
0.00000000099999999913 0.00000000099999999913 0.00000000099999999913 0.00000000099999999913 0.00000000099999999913 0.99999999499999991937 
